Number of processors: 4
Size of array: 20
Time Taken: 0.000000
1.000000 1.000000 1.000000 1.000000 1.000000 1.000000 1.000000 1.000000 1.000000 1.000000 1.000000 1.000000 1.000000 1.000000 1.000000 1.000000 1.000000 1.000000 1.000000 1.000000 
1.000000 0.994980 0.990101 0.985500 0.981303 0.977624 0.974560 0.972192 0.970580 0.969764 0.969764 0.970580 0.972192 0.974560 0.977624 0.981303 0.985500 0.990101 0.994980 1.000000 
1.000000 0.989928 0.980140 0.970911 0.962495 0.955120 0.948981 0.944236 0.941006 0.939371 0.939371 0.941006 0.944236 0.948981 0.955120 0.962495 0.970911 0.980140 0.989928 1.000000 
1.000000 0.984807 0.970045 0.956131 0.943448 0.932341 0.923100 0.915962 0.911105 0.908646 0.908646 0.911105 0.915962 0.923100 0.932341 0.943448 0.956131 0.970045 0.984807 1.000000 
1.000000 0.979569 0.959724 0.941029 0.924003 0.909103 0.896718 0.887159 0.880658 0.877370 0.877370 0.880658 0.887159 0.896718 0.909103 0.924003 0.941029 0.959724 0.979569 1.000000 
1.000000 0.974150 0.949055 0.925433 0.903943 0.885163 0.869574 0.857555 0.849389 0.845261 0.845261 0.849389 0.857555 0.869574 0.885163 0.903943 0.925433 0.949055 0.974150 1.000000 
1.000000 0.968463 0.937867 0.909105 0.882985 0.860202 0.841325 0.826797 0.816939 0.811960 0.811960 0.816939 0.826797 0.841325 0.860202 0.882985 0.909105 0.937867 0.968463 1.000000 
1.000000 0.962386 0.925932 0.891728 0.860744 0.833794 0.811526 0.794431 0.782853 0.777012 0.777012 0.782853 0.794431 0.811526 0.833794 0.860744 0.891728 0.925932 0.962386 1.000000 
1.000000 0.955750 0.912931 0.872868 0.836711 0.805388 0.779610 0.759888 0.746568 0.739859 0.739859 0.746568 0.759888 0.779610 0.805388 0.836711 0.872868 0.912931 0.955750 1.000000 
1.000000 0.948319 0.898423 0.851937 0.810208 0.774271 0.744862 0.722472 0.707406 0.699835 0.699835 0.707406 0.722472 0.744862 0.774271 0.810208 0.851937 0.898423 0.948319 1.000000 
1.000000 0.939750 0.881788 0.828126 0.780338 0.739529 0.706399 0.681346 0.664574 0.656173 0.656173 0.664574 0.681346 0.706399 0.739529 0.780338 0.828126 0.881788 0.939750 1.000000 
1.000000 0.929543 0.862131 0.800315 0.745907 0.700004 0.663152 0.635543 0.617187 0.608031 0.608031 0.617187 0.635543 0.663152 0.700004 0.745907 0.800315 0.862131 0.929543 1.000000 
1.000000 0.916918 0.838117 0.766911 0.705315 0.654236 0.613856 0.583981 0.564300 0.554537 0.554537 0.564300 0.583981 0.613856 0.654236 0.705315 0.766911 0.838117 0.916918 1.000000 
1.000000 0.900604 0.807676 0.725607 0.656412 0.600415 0.557065 0.525518 0.504979 0.494862 0.494862 0.504979 0.525518 0.557065 0.600415 0.656412 0.725607 0.807676 0.900604 1.000000 
1.000000 0.878362 0.767439 0.672991 0.596325 0.536359 0.491213 0.459049 0.438413 0.428334 0.428334 0.438413 0.459049 0.491213 0.536359 0.596325 0.672991 0.767439 0.878362 1.000000 
1.000000 0.845878 0.711659 0.603960 0.521301 0.459596 0.414785 0.383682 0.364074 0.354592 0.354592 0.364074 0.383682 0.414785 0.459596 0.521301 0.603960 0.711659 0.845878 1.000000 
1.000000 0.793886 0.630136 0.511026 0.426795 0.367699 0.326651 0.299014 0.281927 0.273754 0.273754 0.281927 0.299014 0.326651 0.367699 0.426795 0.511026 0.630136 0.793886 1.000000 
1.000000 0.699836 0.504574 0.384096 0.308292 0.259117 0.226655 0.205493 0.192661 0.186587 0.186587 0.192661 0.205493 0.226655 0.259117 0.308292 0.384096 0.504574 0.699836 1.000000 
1.000000 0.501092 0.304637 0.213091 0.163935 0.134750 0.116417 0.104796 0.097860 0.094604 0.094604 0.097860 0.104796 0.116417 0.134750 0.163935 0.213091 0.304637 0.501092 1.000000 
1.000000 1.000000 1.000000 1.000000 1.000000 1.000000 1.000000 1.000000 1.000000 1.000000 1.000000 1.000000 1.000000 1.000000 1.000000 1.000000 1.000000 1.000000 1.000000 1.000000 
